-5.78232 -35.20227 0
-5.78264 -35.20135 1
-5.78296 -35.20051 2
-5.78328 -35.19965 3
-5.78311 -35.20262 4
-5.78351 -35.20167 5
-5.78409 -35.19998 6
-5.78381 -35.20077 7
-5.7846 -35.19869 8
-5.78434 -35.20199 9
-5.78399 -35.20292 10
-5.78513 -35.2034 11
-5.78553 -35.20238 12
-5.78503 -35.20032 13
-5.78622 -35.20068 14
-5.78157 -35.19747 15
-5.78217 -35.19817 16
-5.78052 -35.19878 17
-5.78159 -35.19953 18
-5.78151 -35.1997 19
-5.78048 -35.19978 20
-5.77998 -35.1995 21
-5.77953 -35.20021 22
-5.78137 -35.20008 23
-5.78109 -35.20083 24
-5.78067 -35.20173 25
-5.77927 -35.20083 26
-5.77976 -35.20126 27
-5.7823 -35.19452 28
-5.78036 -35.20052 29
-5.78036 -35.20052 30
-5.78036 -35.20052 31
-5.78079 -35.19618 32
-5.78438 -35.19532 33
-5.78506 -35.19483 34
-5.7891 -35.19638 35
-5.78628 -35.20384 36
-5.78668 -35.20288 37
-5.78735 -35.20116 38
-5.78782 -35.19981 39
-5.78824 -35.19872 40
-5.78835 -35.19807 41
-5.78865 -35.19749 42
-5.7867 -35.19947 43
-5.78709 -35.1983 44
-5.78751 -35.19707 45
-5.78728 -35.1977 46
-5.78607 -35.19921 47
-5.78552 -35.19896 48
-5.7859 -35.19792 49
-5.78648 -35.1981 50
-5.78697 -35.19689 51
-5.78641 -35.19661 52
-5.78506 -35.19757 53
-5.78553 -35.19633 54
-5.78521 -35.19711 55
-5.78437 -35.19677 56
-5.78471 -35.19607 57
-5.78598 -35.19521 58
-5.78683 -35.19555 59
-5.78795 -35.19598 60
-5.78672 -35.2009 61
-5.78719 -35.19965 62
-5.78299 -35.19761 63
-5.78374 -35.19715 64
-5.78405 -35.19763 65
-5.7838 -35.19843 66
-5.78242 -35.19679 67
-5.78323 -35.19616 68