37 38 131
38 39 204
39 40 158
40 41 131
41 42 80
42 43 82
43 36 133
36 61 141
61 46 133
46 47 72 
47 45 70
45 44 147
44 15 140
15 13 294
13 12 121
12 11 144
11 10 111
10 14 202
14 49 160
49 50 121
50 53 158
53 60 123
60 59 120
59 55 140
55 56 91
56 54 58
54 9 144
9 7 152
7 8 96
8 6 114
6 5 105
5 1 93
1 2 105
2 3 103
3 4 105
4 17 207
17 64 108
64 65 100
65 66 64
66 57 100
57 58 96
58 34 93
34 35 93
35 59 123
34 69 154
69 68 116
68 16 127
16 17 97
17 19 161
19 18 146
18 22 99
22 24 174
24 3 198
1 26 198
26 28 127
28 27 80
27 23 74
23 30 103
30 25 103
25 2 182
2 6 99
6 10 107
39 62 84
62 31 144
31 14 60
14 7 113
7 4 96
67 9 93
9 49 119
49 48 77
48 44 84
44 63 66
63 40 82
40 41 127
41 45 134
45 51 89
