-5.78232, -35.20227
-5.78264, -35.20135
-5.78296, -35.20051
-5.78328, -35.19965
-5.78311, -35.20262
-5.78351, -35.20167
-5.78409, -35.19998
-5.78381, -35.20077
-5.7846, -35.19869
-5.78434, -35.20199
-5.78399, -35.20292
-5.78513, -35.2034
-5.78553, -35.20238
-5.78503, -35.20032
-5.78622, -35.20068
-5.78157, -35.19747
-5.78217, -35.19817
-5.78052, -35.19878
-5.78159, -35.19953
-5.78151, -35.1997
-5.78048, -35.19978
-5.77998, -35.1995
-5.77953, -35.20021
-5.78137, -35.20008
-5.78109, -35.20083
-5.78067, -35.20173
-5.77927, -35.20083
-5.77976, -35.20126
-5.7823, -35.19452
-5.78036, -35.20052
-5.78036, -35.20052
-5.78036, -35.20052
-5.78079, -35.19618
-5.78438, -35.19532
-5.78506, -35.19483
-5.7891, -35.19638
-5.78628, -35.20384
-5.78668, -35.20288
-5.78735, -35.20116
-5.78782, -35.19981
-5.78824, -35.19872
-5.78835, -35.19807
-5.78865, -35.19749
-5.7867, -35.19947
-5.78709, -35.1983
-5.78751, -35.19707
-5.78728, -35.1977
-5.78607, -35.19921
-5.78552, -35.19896
-5.7859, -35.19792
-5.78648, -35.1981
-5.78697, -35.19689
-5.78641, -35.19661
-5.78506, -35.19757
-5.78553, -35.19633
-5.78521, -35.19711
-5.78437, -35.19677
-5.78471, -35.19607
-5.78598, -35.19521
-5.78683, -35.19555
-5.78795, -35.19598
-5.78672, -35.2009
-5.78719, -35.19965
-5.78299, -35.19761
-5.78374, -35.19715
-5.78405, -35.19763
-5.7838, -35.19843
-5.78242, -35.19679
-5.78323, -35.19616
